13501350
13511351
13521352
13531353
13541354
13551355
13561356
13571357
13581358
13591359
13601360
13611361
13621362
13631363
13641364
13651365
13661366
13671367
13681368
13691369
13701370
13711371
13721372
13731373
13741374
13751375
13761376
13771377
13781378
13791379
13801380
13811381
13821382
13831383
13841384
13851385
13841386
13861386
13871387
13881388
13891389
13951395
13961396
19501950
19511951
19521952
19531953
19541954
19551955
19561956
19571957
19581958
19591959
19601960
19611961
19621962
19631963
19641964
19651965
19661966
19671967
19681968
19691969
19701970
19711971
19721972
19731973
19741974
19751975
19761976
19771977
19781978
19791979
19801980
19811981
19821982
19831983
19831983
19841984
19851985
19861986
19871987
19881988
19891989
19901990
19911991
19921992
19931993
19941994
19951995
19961996
19971997
19981998
19991999
20002000
20012001
20022002
20032003
20042004
20052005
20062006
20072007
20082008
20092009
20102010
20112011
20122012
20132013
20142014
20152015
20162016
20172017
11111111
22222222
33333333
44444444
55555555
66666666
77777777
88888888
99999999
00000000
12341234
12345678
123456
123456789
515151
12345
123456
1234567
12345678
123456789
1234567890
0987654321
987654321
87654321
7654321
654321
54321
a123456789
a12345678
a1234567
a123456
a12345
a54321
a654321
a7654321
a87654321
a987654321
qwer123456
qwer12345
aaaaa
aaaaaa
aaaaaaa
aaaaaaaa
aaaaaaaaa
aaaaaaaaaa
bbbbb
bbbbbb
bbbbbbb
bbbbbbbb
bbbbbbbbb
bbbbbbbbbb
ccccc
cccccc
ccccccc
cccccccc
ccccccccc
cccccccccc
ccccccccccc

545454
595959
606060
646464
666666
676767
707070
727272
737373
757575
767676
787878
797979
808080
818181
828282
858585
868686
909090
919191
009900
008800
007700
006600
005500
004400
003300
002200
001100
00110011
00220022
00330033
00440044
00550055
00660066
00770077
00880088
00990099
110011
220022
330033
440044
550055
660066
770077
880088
990099
11001100
22002200
33003300
44004400
55005500
66006600
77007700
88008800
99009900
1001001
2002002
3003003
4004004
5005005
6006006
7007007
8008008
9009009
010101
020202
030303
040404
050505
060606
070707
080808
090909
01010101
02020202
03030303
04040404
05050505
06060606
07070707
08080808
09090909
192837
192837465
000111000
000222000
000333000
000444000
000555000
000666000
000777000
000888000
000999000
111213
121314
131415
141516
151617
161718
171819
181920
302010
1230123
2340234
3450345
6780678
7890789
000001
000002
000003
000004
000005
000006
000007
000008
000009
111222333
222333444
333444555
444555666
555666777
666777888
777888999
888999000
009988
998877
887766
665544
554433
443322
332211
221100
abc123
q12345
w12345
e12345
r12345
t12345
y12345
u12345
i12345
o12345
p12345
s12345
d12345
f12345
g12345
h12345
j12345
k12345
l12345
z12345
x12345
c12345
v12345
b12345
n12345
m12345
FUCKYOU
13501353
13781370
13781377
13811380
13811381
13818181
13821380
13821382
13831380
13831383
13861386
13891380
13961396
14001400
14011401
14031403
14081408
14121412
14161416
14201420
14241424
14291429
14301430
14381438
135046
135145
135244
135343
135442
135541
135640
135739
135838
135937
136036
136135
136234
136333
136432
136531
136630
136729
136828
136927
137026
137125
137224
137323
137422
137521
137620
137719
137818
137917
138016
138115
138214
138313
138412
138511
138610
138709
138808
138907
139006
139105
139204
139303
139402
139501
139600
147852
13701377
13491354
13591363
13601364
13721375
13901396
13491391
13501392
13511393
13521394
13531395
13541396
13551397
13561398
13571399
13581400
13591401
13601402
13611403
13621404
13631405
13641406
13651407
13661408
13671409
13681410
13691411
13701412
13711413
13721414
13731415
13741416
13751417
13761418
13771419
13781420
13791421
13801422
13811423
13821424
13831425
13841426
13851427
13861428
13871429
13881430
13891431
13901432
13911433
13921434
13931435
13941436
13951437
13961438
11062010
13656565
13686868
13696969
13717171
13727272
13747474
13767676
13777777
13797979
13828282
13838383
13848484
13858585
13868686
13878787
13888888
13898989
13909090
13919191
13929292
13939393
13949494
13959595
13969696
60606060
61616161
63636363
64646464
65656565
66666666
67676767
71717171
73737373
79797979
81818181
87878787
88888888
92929292
93939393
96969696
147852369
15975300
19561956
19661966
19671967
19681968
19721972
19761976
19771977
19831983
19861986
19871987
19901990
19921992
19931993
19941994
19971997
2000000
20000000
20002000
20082008
20102010
20188888
300000
33333333
400000
44444
4444444
6666666
666666666
7000000
8000000
888888888
9000000
951753
093666
10000000
123321
12345Aa
123789
13501350
13541354
13561356
13565656
13571357
13626262
13641364
13666666
13721370
13757575
09180918
09320932
09340934
11117777
22223333
44441111
55556666
55557777
55558888
66664444
66668888
88883333
88884444
1020304050
136464
136565
136767
138282
138686
139393
898989
939393
52525252
53535353
57575757
72727272
xsw123
13791370
13791379
13801379
13801380
13808080
138113
13841384
13851385
13871387
13911391
13931393
14021402
14091409
14211421
14251425
14311431
14341434
14391439
147369
159753
19501950
19521952
19581958
19591959
19631963
19701970
19741974
19781978
19821982
19951995
19961996
200000
20032003
20062006
20072007
20162017
2222222
222222222
30000000
4000000
50000
500000000
555555555
60000000
70000000
80000
800000
800000000
900000000
999999
999999999
A123456
A1234567
Aa123123
000000000
093777
098765
09876543
100000
11111111
12341234
13585858
13591359
13611361
13646464
13651365
13661366
13676767
13681368
13691369
13707070
13711370
13721373
13731372
137474
13751370
13761370
13761375
13771370
13771376
13771377
13771378
137777
13911970
13921971
13931972
13941973
13951974
13961975
13971976
13981977
13991978
14001979
14011980
14021981
14031982
14041083
14051984
14061985
14071986
14081987
14091988
14101989
14111990
14121991
14131992
14141993
14151994
14161995
14171996
14181997
14191998
14201999
14212000
14222001
14232002
14242003
14252004
14262005
14272006
14282007
14292008
14302009
14312010
14322011
14332012
14342013
14352014
14362015
14372016
14382017
22222222
abcd@1234
zxcv@1234
azer1234
09120912
09350935
11119999
22226666
22228888
33335555
66661111
77773333
88887777
99995555
102030405060
138787
139191
139595
565656
626262
656565
717171
838383
58585858
59595959
cde123
13781378
13787878
13791380
13801370
138080
159357
19511951
19531953
19541954
19551955
19571957
19601960
19611961
19621962
19641964
19651965
19691969
19711971
19731973
19751975
19791979
19801980
19811981
19841984
19851985
19881988
19891989
19911991
19981998
19991999
20012001
20022002
20042004
20052005
20092009
20112011
20122012
20132013
20142014
20152015
20162016
20166666
20172016
20172017
20177777
222222
24862486
3000000
300000000
31313131
333333
3333333
333333333
40000000
400000000
444444
444444444
500000
5000000
50000000
5555555
600000
6000000
600000000
700000
7777777
777777777
80000000
8888888
900000
90000000
95959595
99999
9999999
A12345
Aa1234512345
000000
0000000
0000000000
091555
093555
093888
093999
0987654
098765432
1000000
111111
111111111
1111111111
1123456Aa
1234Aa
13511351
13521352
13531353
13551355
135757
13575757
1357951
13581358
13595959
13601360
13606060
13616161
13621362
13631363
13636363
13671367
13701370
13701371
137070
13711371
13711372
13721372
13731370
13731373
13737373
13741370
13741374
13741375
13751374
13751375
13751376
13761376
13761377
abcd1234
qwer@1234
09140914
09160916
09170917
09190919
09300930
09310931
11114444
11118888
22221111
33338888
44442222
44443333
44445555
55554444
66665555
66667777
77771111
77776666
99997777
135050
135252
135353
135454
136868
137272
137878
138484
138585
139292
139696
575757
585858
616161
636363
747474
878787
929292
50505050
56565656
68686868
70707070
83838383
86868686
91919191
qwe123
ewq123
wsx123
090111
0916613
0916000
13962017
20171396
iraniran
00001234
00001111
00002222
00003333
00004444
00005555
00006666
00007777
00008888
00009999
12121212
13131313
14141414
15151515
16161616
17171717
18181818
19191919
10101010
20202020
30303030
40404040
a1234
abc1234
abc12345
abcabc
00000000
44444444
99999999
01111111
asdf@1234
qwer1234
912912
09030903
903903
09020902
902902
09100910
910910
09110911
911911
09130913
913913
915915
920920
916916
09210921
921921
922922
09330933
933933
09360936
936936
937937
09390939
939939
09010901
901901
021021021
061061061
063063063
09380938
09370937
09200920
09220922
00980098
174174174
175175175
603799
589210
627648
627961
603770
628023
627760
502908
627412
622106
502229
627488
621986
639346
639607
636214
502806
502938
603769
610433
627353
589463
627381
639370
041041
044044
08410841
045045
031031
03810381
051051
05840584
05610561
06110611
024024
023023
054054
071071
026026
025025
028028
08710871
03410341
083083
066066
086086
07610761
081081
035035
11112222
11113333
11115555
11116666
22224444
22225555
22227777
22229999
33331111
33332222
33334444
33336666
33337777
33339999
44446666
44447777
44448888
44449999
55551111
55552222
55553333
55559999
66662222
66663333
66669999
77772222
77774444
77775555
77778888
77779999
88881111
88882222
88885555
88886666
88889999
99991111
99992222
99993333
99994444
99996666
99998888
1020315
10203040
102030
10203040506070
1020304050607080
102030405060708090
135151
135555
135656
135858
135959
136060
136161
136262
136363
136666
136969
137171
137373
137575
137676
137979
138181
138383
138888
138989
139090
139494
505050
525252
535353
555555
686868
696969
777777
848484
888888
949494
959595
969696
51515151
54545454
55555555
62626262
69696969
74747474
75757575
76767676
77777777
78787878
80808080
82828282
84848484
85858585
89898989
90909090
94949494
ABCD1234
ABCD@1234
asd123
zxc123
qaz123
100000 
1000000 
10000000 
10101010 
200000 
2000000 
20000000 
200000000 
300000 
3000000 
30000000 
300000000 
30303030 
king123
king123456
queen123456
queen123
12344321
43211234
1234554321
123456654321
12345677654321
1234567887654321
123456789987654321
98766789
9876556789
987654456789
98765433456789
9876543223456789
987654321123456789
12345678a
010203040506070809
071071071
051051051
0000000000000
000000000000
00000000000
11111111111
1111111111111
111111111111
2222222222
22222222222
222222222222
2222222222222
3333333333
33333333333
333333333333
3333333333333
4444444444
44444444444
444444444444
4444444444444
5555555555
55555555555
555555555555
5555555555555
66666666666
6666666666666
666666666666
6666666666
7777777777
77777777777
777777777777
7777777777777
8888888888
88888888888
888888888888
8888888888888
9999999999
99999999999
999999999999
9999999999999
09150915
20182018
20192019
20212021
20222022
20232023
20242024
20252025
20262026
20272027
20282028
20292029
20302030
19501951
19511952
19521953
19531954
19551956
19561957
19571958
19581959
19591960
19601961
19611962
19621963
19631964
19641965
19651966
19661967
19671968
19681969
19691970
19701971
19711972
19721973
19731974
19741975
19751976
19761977
19771978
19781979
19791980
19801981
19811982
19821983
19831984
19841985
19851986
19861987
19871988
19881989
19891990
19901991
19911992
19921993
19931994
19941995
19951996
19961997
19971998
19981999
19992000
20002001
20012002
20022003
20032004
20042005
20052006
20062007
20072008
20082009
20092010
20102011
20112012
20122013
20132014
20152016
20172018
20182019
20192020
20202021
20212022
20222023
20232024
20242025
20252026
20262027
20272028
20282029
20292030
19511950
19521951
19531952
19541953
19551954
19561955
19571956
19581957
19591958
19601959
19611960
19621961
19631962
19641963
19651964
19661965
19671966
19681967
19691968
19701969
19711970
19721971
19731972
19741973
19751974
19761975
19771976
19781977
19791978
19801979
19811980
19821981
19831982
19841983
19851984
19861985
19871986
19881987
19891988
19901989
19911990
19921991
19931992
19941993
19951994
19961995
19971996
19981997
19991998
20001999
20012000
20022001
20032002
20042003
20052004
20062005
20072006
20082007
20092008
20102009
20112010
20122011
20132012
20142013
20152014
20162015
20182017
20192018
20202019
20212020
20222021
20232022
20242023
20252024
20262025
20272026
20282027
20292028
20302029
ali7878
viski1234
viski123
12349876
sex12345
sex1234
sexy1234
fuck1234
fuck123
dddddddd
eeeeeeee
ffffffff
gggggggg
hhhhhhhh
iiiiiiii
jjjjjjjj
kkkkkkkk
llllllll
mmmmmmmm
nnnnnnnn
oooooooo
pppppppp
qqqqqqqq
rrrrrrrr
ssssssss
tttttttt
uuuuuuuu
vvvvvvvv
wwwwwwww
xxxxxxxx
yyyyyyyy
zzzzzzz
0123456
01234567
012345678
0123456789
qazxswedc
zaqwsxcde
01233210
23455432
123654789
zxcvbnm
asdfghjk
13791999
13802000
13001300
9876543
98765432
9876543210
19371937
31973197
79317931
79311379
hadihadi
hoseinhosein
hardfuck
1234fuck
musikmusik
sexysexy
xnxx8585
brazzers
bangbros
seskiseski
sexy8585
pornporn
0000
00000
1111111
A12345678
Aa12341234
Aa123456
700000000
200000000
13511354
13521355
13531356
13541357
13551358
13561359
13571360
13581361
13591362
13601363
13611364
13621365
13631366
13641367
13651368
13661369
13671370
13681371
13691372
13701373
13711374
13731376
13501971
13491970
13511972
13521973
13531974
13541975
13551976
13561977
13571978
13581979
13591980
13601981
13611982
13621983
13631984
13641985
13651986
13661987
13671988
13681989
13691990
13701991
13711992
13721993
13731994
13741995
13751996
13761997
13771998
13781999
13792000
13802001
13812002
13822003
13832004
13842005
13852006
13862007
13872008
13882009
13892010
13902011
13912012
13922013
13932014
13942015
13952016
13841380
13851380
13861380
13871380
13881380
13881388
13891389
13901390
13921392
13941394
13951395
13971397
13981398
13991399
14041404
14051405
14061406
14071407
14101410
14111411
14131413
14151415
14171417
14181418
14191419
14221422
14231423
14261426
14271427
14281428
14321432
14331433
14351435
14361436
14371437
09120901
09120916
09120939
09120903
09120921
09120930
09210912
09210901
09210916
09210930
09210903
09160921
09160930
09160903
09160912
09160939
09160901
09010916
09010930
09010903
09010921
09010939
09010912
09390921
09390916
09390903
09390930
09390912
09390901
021021
137013701370
137113711371
137213721372
137313731373
137413741374
137513751375
137613761376
137713771377
137813781378
137913791379
138013801380
138113811381
138213821382
138313831383
138413841384
138513851385
138613861386
138713871387
138913891388
139013901389
139113911391
139213921392
139313931393
139413941394
139513951395
136013601361
136103611361
136213621362
136313631363
136413641364
136513651365
136613661366
136713671367
136813681368
136913691369
hasanhasan
aliali
alialiali
zahrazahra
hamidhamid
saeedsaeed
hosseinhossein
majidmajid
fatemehfatemeh
fatifati
fatifatifati
zarizari
mohammadmohammad
mohammad
mohamadmohamad
leylaleyla
erfanerfan
homanhoman
alireza
alirezaalireza
amirali
alimohammad
zeynabzeynab
zizizizi
zohrehzohreh
sarasara
samansaman
samanehsamaneh
sosansosan
sinasina
mahdimahdi
13501351
13511352
13521353
13531354
13541355
13551356
13561357
13571358
13581359
13591360
13601361
13611362
13621363
13631364
13641365
13651366
13661367
13681369
13691370
13731374
13781379
13801381
13811382
13821383
13831384
13841385
13851386
13861387
13871388
13881389
13891390
13901391
13911392
13921393
13931394
13941395
13951396
13961397
13971398
13981399
13991400
13511350
13521351
13531352
13541353
13551354
13561355
13571356
13581357
13591358
13601359
13611360
13621361
13631362
13641363
13651364
13661365
13671366
13681367
13691368
13701369
13721371
13741373
13791378
13821381
13831382
13841383
13851384
13861385
13871386
13881387
13891388
13901389
13911390
13921391
13931392
13941393
13951394
13961395
13971396
13981397
13991398
14001399
bahman123
bahman1234
wineston123
winestone
marbara
alaf1234
morfin1234
sara123
sara1234
ali1378
ali1379
ali1380
sara1380
sara1378
amiramir
amir1234
amir123
sigar123
mohammad123
mohsen123
ali123
ali1234
ali12345
ali123456
ali1234567
ali12345678
ali123456789
Ali12345
13700731
13711731
13722731
13733731
13744731
13755731
13766731
13777731
13788731
13799731
13800831
13811831
13822831
13833831
13844831
13855831
13866831
13877831
13888831
13899831
13900931
13911931
13922931
13933931
13944931
13955931
13966931
13977931
13988931
13999931
14000041
!!!!!!
!@!@!@!@
!@!@!@
@!@!@!
@!@!@!@!
#!#!#!
#!#!#!#!
$!$!$!
$!$!$!$!
!$!$!$
!$!$!$!$
Ali!123
Ali!!!
Ali!@#
Ali123@
ali123@
ali123!
ali!123
Al!123
al!123
******
********
01020304
Ali*123
ali*123
ali***
Ali***
!@#$!@#$
##22#33#44##
#1234
$$$$$$
1@2@3@4@
1!2!3!4!
@1@2@3@4
1!2@3#
1!2@3#4$
12345654321
a1234A
123456aA
Aa123456Aa
aLi123
aLi@123
0000!@#$
00004321
@#$@#$
@@@@1234
@1234@
@12345@
@@1234@@
$$$$1234
$1234$
$12345$
$$1234$$
$$12345$$
!!!!1234
!1234!
!12345!
!!1234!!
!!12345!!
####1234
#1234#
#12345#
##1234##
##12345##
&&&&1234
&1234&
&12345&
&&1234&&
&&12345&&
%%%%1234
%1234%
%12345%
pass1234
<1234>
<12345>
Passw0rd 
password
Vahabi123
V@h@bi
Malek123
Abdulvahab
Binsoud
@ll@hh
instagram1
instagram2
instagram3
fuckme
Fuckme
FUCKME
fuckyou
Fuckyou
Muhamad123
01230123
123@123
Ali123
Ali1234
mohammad@123
m0h4m4d
M0h4m4d
moh@mad
muh@mad
Muh4m4d
king12345
binsalman123
ab123456
ab12345
salman123
salman12345
abubakr123
Abubak12345
ahmad123
Ahmad
ahmed12345
ahmed123
@hmed123
Mohammad
Muhammad123
Kh@life
Salman
123Ali123
@li123
ahmad1234
Omar12345
Osman123
Abdullah123
Kingarab123
Asdfghjkl
Qwertyuiop 
000000 
0000000 
00000000 
000000000 
111111 
1111111 
11111111 
111111111 
222222 
2222222 
22222222 
333333 
3333333 
33333333 
400000 
4000000 
40000000 
400000000 
444444 
4444444 
44444444 
500000 
5000000 
50000000 
500000000 
555555 
5555555 
55555555 
600000 
6000000 
60000000 
600000000 
666666 
6666666 
66666666 
700000 
7000000 
70000000 
700000000 
777777 
7777777 
77777777 
800000 
8000000 
80000000 
800000000 
80808080 
888888 
8888888 
88888888 
900000 
9000000 
90000000 
900000000 
999999 
9999999 
99999999 
999999999 
24862486 
123321 
12341234 
12345 
123456 
1234567 
12345678 
123456789 
1234567890 
12345Aa 
1234Aa 
12345a
123456a
@12345
12345@
123456@
@123456
123123
122333
1223334444
122333444455555
987321
12348765
1246813579
24681379
13798642
864297531
12345678987654321
1029384756
0192837465
1234321
123454321
13579
97531
@123$123
#12345
#54321
#4321
#13579
#246813579
#975318642
00100100
010101010
101010101
a12345 
A12345 
a123456 
A123456 
a1234567 
A1234567 
a12345678 
A12345678 
a123456789 
a54321 
a654321 
a7654321 
a87654321 
a987654321 
Aa123123 
Aa12341234 
Aa1234512345 
$$$$$$$$
@@@@@@@@
@@@@@@
@hmad1
@hmad12
@r@bking
@rabking
001001001
0coool
11223344
119977
123*123
123.123.
1234+56789
123409876
00112299
11002299
33333344
111122
11111122
111100
11110000
11111133
11111144
11111155
11111166
11111177
11111188
11111199
11110011
11111110
111110
22222211
222211
22222233
22222244
22222255
22222266
22222277
22222288
22222299
22222200
22220022
222200
1234$#@!
123456AA
123456789//
12347890
123654*
135792468
14280728
1alia234
1q2w3e4r
1q2w3e4r5t6y7u8i9o0p
334455
40004000
7rab123
a1234512345
A123456a
aaaa1111
aaahhhmmmed
Abdullah
abobakr123
abokghwad
alaahmuhamed
Allaah
allahh
alskdjfhg
Alsoud
Alsoudking
anikkomak
Arabking
asdf1400
asdf1416
asdfzxcqwe
Muhamad
Muhammad1990
q1q1q1
q1w2e3r4t5y6u7i8o9p0
q8abdullah
qawsedrf
qpwoeiruty
qwaszx
qweasdzxc
qwert
qwerty
Qwertyuiop
zmxncbv
Zombie
zxasqw
zxcasdqwe
ali123321
ali112233
ali123$
123123123
welcome123
@#@#@#@#
*#*#*#*#
&#&#&#&#
________
123@#
1234@#*
